Test Accuracy: 99.46%
Test Loss: 0.0149

              precision    recall  f1-score   support

     Digit 0     0.9949    0.9980    0.9964       980
     Digit 1     0.9947    0.9982    0.9965      1135
     Digit 2     0.9990    0.9961    0.9976      1032
     Digit 3     0.9931    0.9970    0.9951      1010
     Digit 4     0.9969    0.9919    0.9944       982
     Digit 5     0.9922    0.9944    0.9933       892
     Digit 6     0.9968    0.9875    0.9921       958
     Digit 7     0.9942    0.9951    0.9947      1028
     Digit 8     0.9939    0.9959    0.9949       974
     Digit 9     0.9901    0.9911    0.9906      1009

    accuracy                         0.9946     10000
   macro avg     0.9946    0.9945    0.9945     10000
weighted avg     0.9946    0.9946    0.9946     10000
